%YAML:1.0
---
calibration_time: "Tue 09 Apr 2019 04:02:02 PM EDT"
image_width: 640
image_height: 480
flags: 0
camera_matrix: !!opencv-matrix
   rows: 3
   cols: 3
   dt: d
   data: [794.204174, 0, 258.925189, 0, 790.914562, 240.688826, 0, 0, 1]
distortion_coefficients: !!opencv-matrix
   rows: 1
   cols: 5
   dt: d
   data: [-0.094777, 0.05959399999999999, 0.010448, -0.009374, 0]
avg_reprojection_error: 1.2025225757564226e+00
rectification_matrix: !!opencv-matrix
  rows: 3
  cols: 3
  data: [1, 0, 0, 0, 1, 0, 0, 0, 1]
projection_matrix: !!opencv-matrix
  rows: 3
  cols: 4
  data: [778.064148, 0, 253.17291, 0, 0, 783.421387, 242.712373, 0, 0, 0, 1, 0]